0 0
0.05388641 -0.237709
0.1224403 -0.5935173
0.03998437 -1.324475
-0.08724852 -2.176742
-0.2144814 -3.028672
-0.1853689 -3.636308
0.01942062 -4.029163
0.2514305 -4.400297
0.01243975 -5.434662
-0.3839073 -6.703425
-0.7738075 -7.964922
-1.077002 -9.175995
-1.228437 -10.32961
-1.352346 -11.49601
-0.9441469 -12.60375
-0.2458755 -13.2455
0.4553333 -13.86408
0.4540808 -15.55803
0.2873354 -17.4314
0.1212816 -19.29841
0.789169 -19.90428
2.352466 -19.57025
4.135163 -18.98179
5.991457 -18.27246
8.030773 -17.31947
10.08818 -16.34806
12.14559 -15.37665
14.203 -14.40524
16.26041 -13.43382
18.31781 -12.46241
20.37521 -11.491
22.43261 -10.51958
24.49001 -9.548172
26.54741 -8.576759
28.60481 -7.605347
30.66153 -6.594143
32.75386 -5.198925
34.85873 -3.766292
36.96361 -2.333656
39.06848 -0.901021
41.17336 0.5316138
42.88652 1.827805
43.724 2.813344
44.3251 3.707997
44.81202 4.564328
44.31289 5.246341
43.57129 5.811351
42.85593 6.246268
42.71756 5.940396
42.70478 5.535046
42.65638 4.633532
42.56899 3.278816
42.48431 1.931111
43.15738 1.546105
44.38811 1.760237
45.54019 2.071171
46.22234 2.914875
46.8604 3.793667
46.51202 4.687045
45.86043 5.582798
45.21122 6.479568
44.83061 7.507017
45.75363 7.989269
47.00775 7.907405
47.95053 7.088728
48.57191 5.685604
49.12514 4.40016
50.55956 4.196679
52.0462 4.308259
52.93779 4.694202
53.16523 5.371798
53.15924 6.121807
52.47367 7.028389
51.73943 7.955229
50.6889 8.467443
49.53121 8.846149
48.46304 9.601072
47.80648 10.60312
47.6827 11.72793
47.75531 12.61887
