0 0
0.02574394 0.5491521
-0.07931846 1.381738
-0.6393949 2.34647
-1.527728 3.301127
-2.371076 4.207753
-3.058144 4.999805
-3.756224 5.708211
-5.286778 6.520882
-7.401447 7.44836
-9.598359 8.380527
-9.81805 8.473743
-10.18381 8.624508
-11.41009 8.921575
-12.61904 8.732229
-13.95619 8.424328
-15.30746 8.111773
-16.65813 7.795919
-18.00318 7.475377
-19.37072 7.1382
-19.97841 6.542121
-19.6161 5.829827
-18.71466 5.111675
-17.79799 4.394389
-16.87874 3.678571
-15.95669 2.962752
-15.24831 2.797073
-15.41857 4.292148
-15.83063 5.806907
-16.25019 7.321666
-16.66975 8.836425
-17.08931 10.35118
-17.50887 11.86594
-17.92843 13.3807
