0 0
-0.6301143 0.226593
-2.111087 0.3846537
-5.17261 -0.002207399
-8.216631 -0.4378967
-11.25312 -0.8833515
-14.28961 -1.328807
-17.3261 -1.774262
-20.33087 -2.347786
-23.31188 -3.00497
-26.20598 -3.640669
-24.98503 -4.430679
-22.4423 -5.497508
-20.38361 -6.710822
-18.33924 -7.921475
-16.30299 -9.109909
-14.26219 -10.24789
-12.22041 -11.38359
-10.25936 -12.33602
-8.787939 -12.03487
-7.361536 -11.59831
-7.076254 -11.5276
-5.651803 -11.30773
-4.228653 -11.14686
-2.805504 -10.98599
-1.382355 -10.82513
-0.0223292 -10.56889
0.9835302 -9.562968
1.870575 -8.324632
2.757618 -7.086291
3.644662 -5.84795
4.531707 -4.609609
5.418753 -3.371269
6.305799 -2.13293
7.192844 -0.8945898
8.07989 0.3437498
8.966931 1.58209
9.853972 2.820429
10.74101 4.058768
11.62805 5.29711
12.5151 6.535451
13.26542 7.773141
12.67134 9.06096
11.83736 10.28075
10.92752 11.45072
10.01769 12.6207
9.107857 13.79068
8.198023 14.96065
7.180672 16.13975
6.753384 16.50832
5.32909 17.7369
3.904797 18.96548
2.480503 20.19406
1.05621 21.42264
-0.368084 22.65122
-1.792378 23.8798
-3.216671 25.10839
-4.640965 26.33697
-6.065259 27.56555
-7.204693 28.54841
