0 0
0.005700429 0.292853
0.02532578 0.9124743
0.04364904 1.532096
0.05592345 2.151717
0.2978745 2.726005
0.8069459 3.242756
1.31941 3.773296
1.926158 4.501551
2.591352 5.327818
3.240378 6.065568
3.877192 6.741709
4.514004 7.41785
5.150815 8.093991
5.783938 8.770137
6.2208 9.468989
6.566092 10.18683
6.881881 10.89788
6.605533 11.33366
6.248806 11.69312
5.492817 11.6288
4.311677 11.03045
3.128866 10.43044
1.946055 9.830426
0.7632443 9.230412
-0.4195663 8.630399
-1.602377 8.030385
-2.785187 7.430371
-3.967999 6.830358
-5.150808 6.230344
-6.333617 5.63033
