0 0
-0.0553093 0.03254955
-0.6084023 0.358045
-0.940258 0.5533424
-0.6345291 0.9126412
-0.2794559 1.057935
0.07629519 0.5517453
0.4105656 -0.13629
0.6562092 -1.365701
0.8684615 -2.710759
0.8146145 -3.55004
0.7525876 -4.045405
0.6915829 -3.838411
0.7346889 -2.658437
0.777795 -1.478463
0.6556306 -0.4111891
0.3540635 0.4895703
0.05012112 1.38694
-0.3202936 1.535042
-0.7158015 0.9318367
-1.094353 0.2446876
-0.9421502 -0.5290563
-0.2425652 -0.7178444
0.3575453 -0.5948878
0.879654 -0.3250794
1.350553 -0.007116764
1.303065 0.7379305
1.191729 1.513611
0.6597251 1.923824
-0.0857176 2.023473
-0.8311602 2.122782
-1.609388 1.995546
-2.440072 1.129216
-3.248761 0.1752402
-3.361425 -1.074146
-3.261522 -2.389145
-2.6346 -2.869301
-1.658228 -2.884293
-0.6138058 -2.567508
0.512579 -1.976143
1.63659 -1.381076
2.315123 -0.6323669
2.743628 0.1415589
2.887976 0.8093369
2.512359 1.215297
2.131004 1.617442
1.737208 2.024291
1.325802 2.434774
0.5443139 2.580421
-0.3464688 2.585914
-1.354071 2.338857
-2.541841 1.333046
-2.898275 0.7364632
-2.857611 0.7402919
-2.447863 0.4031234
-2.038114 0.06595512
-1.628364 -0.2735859
-1.218615 -0.6408688
-0.82661 -1.057909
-0.8563392 -2.005001
-1.0348 -2.777357
-1.079466 -3.068495
-1.183918 -3.256606
-1.396816 -3.236076
-1.60938 -2.952568
-1.767098 -2.087712
-1.921351 -1.215023
-2.124443 -0.501053
-2.360288 -0.7141598
-2.027562 -0.8538997
