0 0
0.02148183 0.0176239
0.4658051 -0.04464722
1.727186 -0.5502777
3.320724 -1.217367
4.939991 -1.874464
6.581393 -2.519758
9.311339 -3.096368
12.46393 -3.644006
15.61687 -4.191644
18.76981 -4.739282
21.91819 -5.288873
24.18571 -6.316003
25.62022 -7.844108
27.06668 -9.368223
28.52539 -10.87877
29.99524 -12.37961
31.47818 -13.8592
32.97349 -15.31611
34.669 -16.15257
36.62036 -15.81455
38.61437 -15.11944
40.34601 -14.13852
41.53956 -13.13384
41.61657 -12.19394
40.35928 -11.91321
38.78037 -12.18685
37.22197 -12.52657
35.66389 -12.86695
33.97724 -13.00517
31.09155 -11.8195
28.08731 -10.18656
25.12345 -8.496334
22.15958 -6.806105
19.19571 -5.115874
18.30655 -4.608805
