0 0
0.4878273 -0.4464785
1.226592 -1.045956
0.9058435 -1.666052
-0.2105936 -1.513889
1.557817 -2.295888
0.573975 -3.057268
1.602316 -4.09681
1.109805 -4.83204
2.454688 -4.85757
1.992167 -5.631928
2.158747 -5.844899
1.642805 -6.285378
2.550012 -7.014282
2.950894 -7.231472
3.551166 -7.421481
4.601296 -7.572596
5.472422 -7.647798
7.220304 -7.618033
7.407034 -7.309449
7.632189 -7.048662
8.821028 -6.972974
8.246977 -6.794428
7.549685 -6.649385
7.898082 -6.69038
8.147134 -6.687793
8.568816 -6.421852
8.60229 -6.052817
8.416692 -5.706977
9.13222 -5.464934
9.43397 -4.982732
8.809292 -4.19547
9.643712 -3.631496
11.00593 -3.28144
11.15869 -2.635226
12.08699 -2.059069
12.89485 -1.499781
12.28003 -0.7068949
11.45153 0.1262915
9.969569 1.224706
9.426222 2.373019
9.922238 3.363413
9.50073 4.537265
8.005883 5.921988
6.545949 7.227986
5.447308 8.454321
4.828517 9.636607
4.217692 10.80577
4.110372 11.03328
