0 0
0.1532135 0.6753387
0.4085693 1.800903
0.6639252 2.926468
0.907041 4.058249
1.013199 5.239313
1.040796 6.422469
1.067375 7.539349
1.140753 8.628759
1.257604 9.71489
1.458786 10.81504
1.691394 11.93056
1.921397 13.0471
2.150749 14.16602
2.380101 15.28494
2.608438 16.40385
2.765333 17.58652
2.682795 18.99009
2.511065 20.46996
2.317633 21.96759
2.124202 23.46522
1.932724 24.96285
1.748083 26.46048
1.582793 27.96613
1.433553 29.47957
1.284652 30.99529
1.087253 32.52219
0.5706409 34.10334
-0.3314601 35.57835
-1.169351 36.65306
-1.904824 37.45382
-2.646645 38.24177
-3.395547 39.01039
-4.151432 39.57743
-4.881428 39.54762
-5.598878 39.21263
-6.304122 38.84537
-6.861526 38.37218
-7.282944 37.86541
-7.499992 37.36973
-7.460761 36.91406
-7.193064 36.56612
-6.824109 36.27257
-6.443147 35.98551
-6.060556 35.7004
-5.670502 35.42675
-5.191706 35.2801
-4.682836 35.24989
-4.193299 35.48556
-3.987736 35.82332
-4.469943 36.30735
-5.339899 36.52098
-6.498687 36.20884
-7.718521 35.5467
-8.383978 34.73806
-8.458299 33.94428
-8.157794 33.49606
-7.752378 33.47652
-7.408008 33.70624
-7.683018 34.36248
-9.008226 34.98029
-10.65494 35.12749
-12.23778 34.55978
-13.35724 33.59743
-13.91204 32.54058
-14.2222 31.68652
-14.29147 31.48011
-14.24267 31.74479
-14.70219 32.2194
-16.51284 32.67198
-18.61062 32.4924
-20.43088 31.59747
-21.34293 30.67439
-21.7509 30.0909
-21.91651 29.65991
-21.93255 29.53549
-21.86639 29.42813
-21.40267 28.96388
-20.61021 28.91237
-19.6952 29.21987
-18.89463 29.57134
-18.56015 30.49776
-18.26348 31.43689
-18.84882 32.21943
-19.56188 32.97078
-20.82604 32.98821
-22.70688 31.91895
-24.51446 30.79575
-25.52082 29.54573
-25.98848 28.48602
-25.57551 28.04083
-25.26711 28.03505
-24.71814 28.202
-23.71258 28.69871
-22.6817 29.34648
-21.64641 29.999
-20.48634 30.26487
-19.2076 29.9575
-18.18208 29.18789
-17.91656 27.78273
-17.73137 26.4047
-18.04008 25.69139
-18.49699 25.37847
-18.65817 25.97365
-18.06471 26.7073
-17.27619 27.04473
-17.81754 26.41008
-18.97849 25.38316
-20.27091 24.82177
-21.20436 25.19025
-21.28794 25.56831
-20.92137 25.52979
-20.67858 24.81712
-21.15611 23.45568
-21.59961 22.66617
-21.68426 22.34978
-21.58024 22.10303
-21.03997 21.89482
-20.60947 21.50032
-21.20951 20.7979
-21.83259 20.76629
-21.8172 20.73921
-21.58611 20.47538
-22.04924 20.0174
-22.63724 20.36241
-23.06584 20.83459
-23.41191 21.33334
-22.83171 21.62456
-21.93329 21.54895
-22.17098 20.98554
-23.24563 20.72824
-23.86388 21.22107
-24.19256 21.99638
-23.89372 22.64928
-23.17842 23.12006
-22.77121 23.12605
-23.14183 22.6848
-23.86041 22.82381
-24.22072 23.7484
-23.96088 24.54237
-23.52768 25.01851
-23.09582 25.48243
-22.73232 25.88869
-22.56281 26.19426
-22.53691 26.26037
-22.49591 26.37132
-22.35925 26.75998
-22.14911 27.02723
-21.78614 26.86219
-21.86281 26.62638
-22.18117 26.75436
-22.42023 27.08456
-22.43096 27.36607
-22.35614 27.56844
-22.28654 27.77081
-22.21694 27.97318
-22.15058 28.17555
-22.08423 28.37792
-22.01787 28.58029
-21.95151 28.78266
-21.88516 28.98503
-21.8188 29.1874
-21.75244 29.38976
-21.68609 29.59213
-21.61973 29.7945
-21.55337 29.99687
-21.48702 30.19924
-21.42066 30.40161
-21.3543 30.60398
-21.28795 30.80635
-21.22159 31.00872
-21.15523 31.21109
-20.96623 31.28551
-20.59838 30.93635
-20.32546 30.53191
-20.06479 30.12481
-19.81136 29.70932
-19.56731 29.06355
-19.33311 28.26687
-19.09789 27.33803
-18.7945 26.03888
-18.4468 24.59318
-18.09639 23.14969
-17.67442 21.80014
-17.22385 20.50859
-16.63891 20.71866
-15.99417 21.33972
-15.61815 21.90527
-15.73837 22.19318
-15.863 22.15858
-15.74571 21.38409
-15.28894 20.96196
-14.65695 21.44601
-14.54432 22.14118
-14.75494 22.48045
-14.85715 22.53302
-14.87894 22.46187
-14.95161 22.56674
-14.65654 22.53675
-14.43353 22.80869
-14.04925 23.02707
-13.77518 22.86121
-13.69612 22.41726
-13.7379 21.77887
-13.78138 21.14048
-13.76721 20.54934
-13.31069 19.85646
-12.92991 19.79675
-13.27986 19.66176
-13.82968 19.18875
-13.98361 18.54991
-13.61481 18.28648
-13.4824 18.67894
-13.78951 18.85355
-14.13098 18.15115
-14.32889 17.25612
-14.30782 16.55316
-14.20187 15.91997
-14.09558 15.29261
-14.0103 14.73455
-13.93893 14.26228
-13.88282 13.86255
-13.88911 13.70519
-13.90991 13.60243
-13.93302 13.49531
-13.98293 13.25025
-14.0553 12.75446
-14.13718 12.23809
-14.21905 11.72173
-14.37203 11.24006
-14.65241 10.99387
-14.84032 11.00192
-14.88162 11.12584
-14.69885 11.10167
-14.3187 10.72276
-14.20619 9.869532
-14.45245 8.643137
-14.95543 7.73078
-15.41138 7.732852
-15.37593 7.770761
-15.00077 7.254519
-14.79386 6.420152
-14.90786 5.641256
-15.16165 5.401892
-14.7825 5.3685
-13.99614 4.992844
-13.38463 4.415087
-13.39522 3.534142
-13.52496 3.021616
-13.21348 2.876152
-12.59316 2.471471
-12.2073 1.727765
-12.4112 1.082295
-12.72418 1.009291
-12.80746 1.263443
-12.42238 1.274998
-12.02341 0.8968836
-11.99398 0.08207315
-12.34268 -0.7641653
-12.80331 -1.474874
-13.27547 -2.124435
-13.73893 -2.559661
-14.11691 -2.761107
-14.15022 -2.500084
-13.89459 -2.496012
-13.50229 -3.133593
-13.38174 -4.084081
-13.51227 -5.166046
-13.72352 -6.245973
-14.05673 -6.982691
-14.41833 -7.152596
-14.59498 -6.982235
-14.4932 -6.766881
-14.15651 -6.902874
-13.82333 -7.311822
-13.70545 -7.999186
-13.76733 -8.887239
-13.89689 -9.851744
-14.12717 -10.86882
-14.36773 -11.88204
-14.61962 -12.8839
-14.89238 -13.84008
-15.23297 -14.57515
-15.5768 -15.14413
-15.77365 -15.44737
-15.94532 -15.70942
-16.13294 -15.76237
-16.14911 -15.50039
-15.97611 -15.20059
-15.58376 -15.26341
-15.32763 -15.65474
-15.43426 -16.4068
-15.66195 -17.20804
-15.90651 -18.00928
-16.15236 -18.81312
-16.42615 -19.59354
-16.87424 -20.15136
-17.35173 -20.40882
-17.67673 -20.16141
-17.72475 -19.61331
-17.37916 -19.38117
-16.84828 -19.41932
-16.3954 -19.72527
-16.33117 -20.40405
-16.41074 -21.20255
-16.55768 -22.03666
-16.85226 -22.87507
-17.2184 -23.71574
-17.65947 -24.36846
-18.10058 -24.14812
-18.39066 -23.50896
-18.26707 -22.88353
-17.65031 -22.66427
-16.93634 -22.52752
-16.24182 -22.41507
-15.67703 -22.71964
-15.16506 -23.17829
-14.6792 -23.71111
-14.18746 -24.27116
-13.52299 -24.81156
-12.57444 -25.08776
-11.46682 -24.7864
-10.39697 -24.24437
-9.462439 -23.59834
-9.164805 -22.93682
-9.126534 -22.29769
-9.310534 -21.82168
-10.28141 -22.16673
-10.91913 -23.03562
-10.56635 -23.79894
-9.97549 -24.4067
-9.31533 -24.83042
-8.643638 -25.19856
-7.758635 -25.10682
-6.82073 -24.69549
-5.931322 -24.17823
-5.208539 -22.98915
-4.475239 -21.70354
-3.74194 -20.41793
-3.709008 -19.38271
-4.424214 -19.34183
-4.993254 -19.84471
-5.488364 -20.33889
-5.42836 -20.87237
-4.561566 -21.28652
-3.666961 -21.64732
-2.646756 -21.08443
-1.553527 -20.14441
-0.4955669 -19.14626
-0.3952187 -18.36591
-0.8637869 -18.33305
-1.009235 -18.96169
-1.050943 -19.64075
-0.4300262 -19.82859
0.4778667 -19.27201
1.329265 -18.61143
2.095362 -17.86667
2.355353 -17.17742
2.138062 -16.99563
2.064114 -17.37444
2.366518 -17.69025
3.344597 -17.06891
3.970313 -15.99754
3.93516 -15.16673
3.718568 -14.82428
3.713428 -14.92552
3.782688 -15.14525
4.06334 -15.28562
4.997579 -14.93534
5.957772 -14.5032
6.490989 -13.2829
6.457732 -12.27264
6.200079 -11.93071
5.976003 -11.75417
5.774991 -11.59117
5.653217 -11.73866
6.411508 -11.86873
7.337678 -11.61224
7.969048 -10.97587
8.56618 -10.31272
8.980634 -9.553917
8.720543 -9.206268
8.407489 -9.304189
8.421092 -9.320071
8.578754 -9.382643
8.93185 -9.421698
9.337061 -9.318499
10.12142 -8.417029
10.91663 -7.504032
11.71184 -6.591037
12.29973 -5.74078
12.27926 -5.594899
12.19737 -5.933714
12.32791 -6.240036
12.73319 -6.184273
13.14767 -5.540672
13.52575 -4.616971
13.90519 -3.662177
14.28966 -2.70501
14.80428 -1.714268
15.6621 -0.8468594
16.63667 -0.2208397
17.59964 0.359166
18.30824 -0.09907068
18.69885 -1.216024
18.7692 -2.285838
18.81343 -3.340728
18.85766 -4.395619
18.89923 -5.450512
18.92537 -6.515241
18.70535 -7.710198
18.38021 -8.933534
18.05506 -10.15687
17.72284 -11.3802
17.21163 -12.5564
16.76057 -13.43777
16.40733 -14.12202
16.08775 -14.42556
15.99443 -13.80013
15.91669 -13.14491
15.96361 -12.2089
16.11555 -11.08955
16.26749 -9.970189
16.41943 -8.850833
16.57137 -7.731475
16.72331 -6.612114
16.85084 -5.404913
16.90352 -3.84919
16.95485 -2.259555
17.00617 -0.6670942
17.0575 0.931582
17.10883 2.530258
17.16015 4.128933
17.15438 5.673465
16.63869 6.508295
16.01821 7.142038
15.39705 7.774453
14.77589 8.406865
14.71378 8.470106
