0 0
-0.495335 0.1277082
-1.245858 0.2339366
-2.053317 0.2897901
-2.775959 0.2526258
-3.366454 0.1568861
-5.076912 -0.3299034
-6.832824 -0.7492138
-7.466665 -0.4904549
-7.061613 0.9752758
-5.768321 0.8838981
-6.112566 -0.132503
-8.114697 -0.2079482
-8.067368 0.7473001
-5.821826 0.8068129
-4.881347 -0.2866735
-5.580514 -1.211228
-7.252032 -1.119382
-8.981656 -0.006917306
-7.265638 0.8196994
-5.097886 0.2395682
-4.304548 -1.05002
-3.880705 -2.318756
-4.339008 -3.340302
-6.018492 -3.527734
-6.757723 -2.666198
-6.278819 -2.130106
-5.134499 -3.291766
-6.355923 -3.580416
-7.067741 -2.597746
-6.08837 -2.705047
-7.232706 -2.967924
-7.586734 -2.078974
-6.104074 -2.66964
-7.967944 -2.647607
-7.482471 -2.58129
-8.121178 -3.353071
-8.500043 -3.174524
-7.141335 -4.336183
-8.450623 -4.487533
-6.728981 -4.793522
-6.405186 -5.492904
-5.144416 -5.361685
-4.865371 -5.913222
-5.83374 -5.089174
-5.861388 -5.155004
-6.057498 -3.994506
-4.754553 -3.872669
-4.494956 -3.211235
-3.53175 -2.981853
-4.455377 -2.081198
-3.374551 -1.303081
-4.126669 -0.4403821
-2.967821 0.7248007
-1.955174 0.9019328
