0 0
-0.04737854 -0.1201973
-0.2877197 -0.6523272
-0.5815302 -1.313782
-0.8305752 -1.877
-1.059724 -2.407663
-1.337369 -3.038924
-1.721169 -3.967025
-2.110734 -4.969739
-2.546756 -6.285477
-2.986171 -7.617493
-3.425586 -8.949509
-3.865001 -10.2812
-4.301363 -11.60629
-4.375866 -12.80598
-4.060811 -13.97537
-3.676232 -15.02165
-2.712545 -15.21275
-1.70585 -15.34516
-0.6492583 -15.38295
0.6815829 -15.02914
2.001892 -14.67839
3.014759 -14.83191
3.900218 -15.29834
5.35758 -15.03743
6.953993 -14.60198
8.634824 -14.03409
10.61556 -13.06601
12.60523 -12.089
14.5949 -11.11199
16.58457 -10.13498
18.57424 -9.157967
20.56391 -8.180956
22.55358 -7.204275
24.53986 -6.230521
26.52613 -5.256767
28.51241 -4.283013
30.49868 -3.311297
32.49162 -2.337092
34.48682 -1.362208
36.48203 -0.3873243
38.47723 0.5875597
40.47243 1.562444
42.46763 2.537328
44.46283 3.512212
46.45803 4.489601
48.45764 5.479969
50.45848 6.473659
52.45933 7.46735
54.46018 8.46104
56.46103 9.454731
58.46187 10.44842
60.26263 11.34274
