0 0
-1.553597 -0.01791677
-3.320877 -0.2324127
-5.114867 -0.5324289
-6.916721 -0.8316305
-8.719839 -1.130017
-10.52296 -1.428404
-12.32608 -1.726791
-14.1292 -2.025178
-15.93232 -2.323566
-17.73543 -2.621954
-19.53854 -2.920342
-21.34165 -3.21873
-23.14477 -3.517118
-24.94788 -3.815506
-26.75099 -4.113893
-28.56114 -4.412279
-30.37709 -4.709382
-32.20058 -5.003796
-34.02741 -5.297071
-35.8578 -5.589859
-37.69498 -5.881004
-39.5331 -6.171445
-41.37449 -6.461887
-43.2269 -6.74905
-45.12617 -6.82206
-47.09854 -6.431621
-49.06974 -6.007441
-51.03228 -5.572485
-52.95333 -5.102384
-54.71741 -4.486079
-55.75697 -4.081807
