0 0
0.009540476 0.3186907
0.6844193 1.187348
1.633278 2.081311
2.218848 2.971154
2.721949 4.056952
3.376508 5.135164
3.047612 6.241668
2.366443 7.217625
1.166999 8.196861
-0.7209533 9.091984
-2.924562 8.904632
-5.128169 7.807719
-7.331777 6.51087
-9.526715 5.214021
-11.12067 3.917171
-11.30015 2.636955
-9.779059 1.715924
-7.528598 2.531537
-6.004005 4.046298
-5.233631 5.561057
-4.878672 7.075816
-5.216778 8.590575
-6.228737 10.08331
-7.516469 11.49873
-9.447824 11.71101
-11.55607 10.43149
-12.57505 9.310831
-10.52234 9.26515
-8.236029 10.1049
-5.98018 11.4512
-3.720583 12.88772
-2.376399 13.7701
