0 0
0.2336794 0.8591782
0.9489882 1.908244
1.66828 2.971837
2.0558 4.1732
1.355692 5.590822
-0.295916 6.858726
-2.172922 8.046265
-4.188401 9.199362
-6.363059 10.31638
-8.566667 11.42566
-10.77027 12.53728
-12.97388 13.6489
-15.17749 14.76029
-17.3811 15.86957
-19.58472 16.97885
-21.78834 18.08813
-23.99195 19.1974
-26.19557 20.23498
-28.09787 19.97337
-27.88231 18.76175
-26.2593 17.87962
-24.33873 17.51435
-23.61895 18.14229
-24.02828 18.97922
-25.06389 19.79132
-27.01938 20.08679
-29.22299 19.79017
-31.28766 19.21942
-31.76634 18.38719
-30.35256 18.08495
-29.19652 18.72976
-29.82281 19.09317
-31.81624 17.80078
-33.79984 16.50393
-35.78273 15.20708
-37.19814 13.91023
-38.08053 12.61337
-38.95097 11.31652
-39.80758 10.01966
-39.9477 8.733823
-39.63889 7.515461
-39.37764 6.218612
-39.26708 4.921762
-39.1793 3.624913
-39.09421 2.328061
-39.22879 1.031444
-40.73615 -0.2654075
-42.54646 -1.562259
-44.48328 -2.85911
-46.42386 -4.155962
-48.36443 -5.452811
-49.64077 -6.74966
-49.62211 -8.04651
-49.57347 -9.343364
-49.54592 -10.62452
