0 0
-0.1927999 0.152846
-0.7837334 -0.2621892
-1.499583 -0.9033167
-2.21611 -1.544783
-2.932637 -2.18625
-3.638199 -2.858464
-4.302275 -3.59466
-4.931188 -4.473632
-5.581426 -5.4011
-6.387758 -6.252559
-7.232698 -7.086378
-7.968215 -8.30716
-7.827286 -9.206325
-7.562572 -9.366508
-7.388857 -9.222261
-7.615441 -9.043532
-8.257694 -9.25877
-8.483827 -10.04376
-7.652184 -10.28511
-7.288433 -9.917114
-7.669227 -10.24214
-7.441607 -10.62821
-7.765763 -10.53835
-8.583367 -11.60688
-8.854282 -11.88634
-9.843035 -13.088
-10.84502 -14.86837
-11.41301 -16.168
-11.70959 -17.19485
-11.17358 -17.59
-11.38503 -17.3894
-12.4432 -18.22295
-12.97615 -18.3434
-13.78448 -19.48478
-13.87045 -20.23241
-14.79827 -21.77396
-14.14911 -22.50079
-13.20387 -22.94162
-12.26847 -23.37556
-10.95425 -23.44899
-9.707746 -22.77733
-8.955273 -21.75591
-8.276147 -20.74285
-8.749658 -20.42988
-9.52726 -20.47991
-9.660447 -20.59993
-9.595226 -20.79577
-8.704396 -20.85247
-7.427007 -20.74194
-6.149617 -20.6314
-4.872228 -20.52087
-3.594838 -20.41034
-2.320389 -20.30264
-1.319174 -20.81034
-0.7439164 -21.84597
-0.3813002 -22.99239
-0.08436283 -24.25727
0.171082 -25.53267
0.4265269 -26.80808
0.6819717 -28.08348
0.9167306 -29.42333
0.9754808 -31.29668
1.013882 -33.17168
1.052283 -35.04668
1.090684 -36.92168
1.129085 -38.79668
1.167486 -40.67168
1.205886 -42.54668
1.244287 -44.42168
1.282688 -46.29668
1.286528 -46.48418
