0 0
-0.5726624 -0.4504127
-1.28849 -1.015548
-1.887812 -1.836043
-2.351959 -2.82836
-2.813389 -3.802366
-3.27414 -4.774337
-3.734891 -5.746308
-4.285523 -6.667855
-5.576175 -7.120978
-6.920412 -7.494895
-8.234135 -7.77079
-9.494631 -7.677376
-10.74902 -7.529837
-11.78286 -6.997827
-12.82582 -6.397875
-13.92881 -5.72857
-15.02909 -4.980014
-15.79732 -4.107863
-15.36189 -3.122276
-14.49495 -2.446145
-13.58066 -1.913534
-12.53242 -2.038093
-11.46417 -2.325751
-10.52818 -2.867315
-10.53318 -3.670806
-11.36455 -4.439594
-12.22305 -5.205333
-13.11075 -5.971749
-14.19369 -6.864743
-14.98801 -7.762312
-14.82807 -8.439572
-14.5587 -9.088256
-13.8948 -9.440229
-12.48355 -9.314101
-11.06039 -9.183817
-9.840035 -8.487421
-8.762794 -7.479708
-8.372531 -6.645933
-9.370863 -5.96682
-10.41961 -5.27449
-11.46868 -4.582161
-12.87363 -4.068106
-14.72568 -3.826379
-16.67325 -4.034812
-18.3781 -4.31764
-18.45456 -4.963117
-18.13354 -5.620462
-16.73147 -6.3202
-15.24137 -7.059618
-13.73226 -7.799035
-12.22237 -8.535194
-10.70614 -9.264853
-9.135426 -9.957386
-7.310286 -10.17173
-5.419798 -10.2257
-3.502743 -10.04589
-1.552338 -9.567233
0.4741815 -9.174282
2.615369 -9.138968
4.754295 -9.119468
6.510329 -9.594308
7.513574 -11.04185
8.47849 -12.51834
9.375918 -14.03711
9.688769 -15.90467
9.954301 -17.77965
10.21983 -19.65463
10.48536 -21.52961
