0 0
-0.1115036 0.2583008
-0.3259913 0.7612305
-0.5193201 1.289225
0.3993302 2.50179
2.665632 4.199087
4.87388 5.993591
7.171094 7.671652
8.092008 9.621197
8.299708 11.71009
8.506757 13.8048
8.460874 15.89365
7.617761 17.93107
6.734826 19.96621
5.85189 22.00135
4.896957 24.02706
3.28617 25.91669
1.470631 27.75229
-0.7189317 29.48469
-3.727168 30.8548
-6.788692 32.07809
-9.850215 33.21429
-12.91174 33.68629
-15.97033 33.90406
-18.92085 33.13617
-21.95666 31.97894
-25.01819 30.76862
-28.07971 29.49408
-31.06604 27.86574
-33.51395 26.064
-35.71743 24.26226
-37.92544 22.46052
-40.13636 20.65878
-42.18843 18.93256
-40.42373 17.97847
-37.23526 17.27992
-34.04678 16.62661
-30.85831 16.05631
-27.66985 17.24513
-24.4814 18.83954
-21.29294 20.45934
-18.10448 22.09347
-14.91602 23.52089
-11.72755 23.91348
-8.539085 23.54435
-5.350623 22.88682
-2.162159 22.1951
1.026305 21.50338
4.214769 20.81166
7.403231 20.11994
10.5917 19.42822
12.41623 18.1076
12.52429 16.30586
12.59752 14.50411
12.67076 12.70236
12.5516 10.90061
12.19156 9.098865
11.82078 7.297118
11.44805 5.495375
11.07531 3.693631
10.70258 1.891885
10.32984 0.09013987
9.957109 -1.711605
9.584375 -3.513351
9.211641 -5.315095
8.838907 -7.116838
8.466173 -8.918585
8.935562 -10.57092
12.12403 -11.77338
15.3125 -12.76515
18.50096 -13.03665
21.68941 -12.70561
24.87787 -12.21669
28.06633 -11.66688
31.25479 -11.00708
34.44326 -10.31082
37.63043 -9.619443
40.54806 -10.42962
42.12324 -12.23137
40.80194 -14.03312
38.15675 -15.83487
35.279 -17.6366
32.88937 -19.411
34.47011 -20.29934
37.65282 -20.52165
40.81558 -20.02034
43.59129 -17.99462
46.32564 -15.89013
49.08117 -13.78563
51.83996 -11.68114
52.39172 -11.26024
