0 0
-0.2033997 0.2683767
-0.610199 0.8051302
-1.072662 1.151454
-1.68161 0.9303945
-2.231639 0.3720958
-2.762137 -0.2044322
-3.29589 -0.7803091
-3.829642 -1.353582
-4.363395 -1.926854
-4.746106 -2.368291
-4.683503 -2.647944
-4.779756 -3.124537
-4.391633 -3.841038
-3.388602 -4.637293
-2.208162 -5.467075
-0.9307162 -6.317692
0.3893726 -7.173516
1.752104 -8.03162
3.13632 -8.892653
4.529 -9.755642
5.94454 -10.6243
7.783154 -11.04765
9.975286 -11.01234
12.05088 -10.77716
14.01613 -10.40331
15.98137 -10.02946
17.94661 -9.655608
19.91185 -9.281758
21.87708 -8.907908
23.84232 -8.534059
25.80756 -8.160534
27.97462 -8.125548
30.31194 -8.740954
32.59196 -9.632076
34.86972 -10.52776
37.14747 -11.42344
39.42523 -12.31912
41.70298 -13.2148
43.98074 -14.11048
46.2585 -15.00616
48.53625 -15.90185
50.81401 -16.79752
53.09143 -17.69319
55.34607 -18.57611
57.59453 -19.45538
59.84299 -20.33465
62.09145 -21.21391
64.3399 -22.09318
66.58836 -22.97245
68.83682 -23.85172
71.08528 -24.73099
73.33374 -25.61026
75.5822 -26.48953
76.25674 -26.75331
