0 0
0.2476103 -0.06548735
1.300173 -0.5130037
2.633142 -1.117268
3.976677 -1.722938
5.322321 -2.328608
6.668993 -2.933391
8.018609 -3.535088
9.37083 -4.135972
10.72523 -4.736042
12.07963 -5.336113
13.43403 -5.936184
14.78842 -6.536255
16.14282 -7.136326
17.49723 -7.736397
18.85164 -8.336468
20.20605 -8.936539
21.56046 -9.53661
22.91487 -10.13668
24.26927 -10.73675
25.62368 -11.33682
26.97809 -11.93689
28.3325 -12.53696
29.68691 -13.13704
31.04132 -13.73711
32.39572 -14.33718
33.75013 -14.93725
35.10454 -15.53732
36.45895 -16.13739
37.81335 -16.73746
39.16776 -17.33753
40.52217 -17.9376
41.87658 -18.53767
43.23099 -19.13774
43.50187 -19.25776
