0 0
-0.3039144 0.2210477
-0.7388916 0.7188238
-1.271676 1.135962
-2.184699 0.4281005
-3.118384 -0.5056356
-4.065779 -1.438127
-5.079454 -2.472581
-5.625514 -3.899562
-5.978278 -5.337204
-5.721841 -6.663267
-5.276728 -7.974745
-4.831615 -9.286228
-4.386502 -10.59771
-3.941389 -11.90919
-3.496278 -13.22068
-3.051167 -14.53216
-2.606057 -15.84365
-2.160946 -17.15512
-1.715834 -18.46659
-1.270722 -19.77807
-0.7000206 -20.94826
0.2964369 -21.61843
1.325926 -22.24099
2.721908 -22.35835
4.277508 -22.26487
5.863184 -22.0493
7.795714 -21.07559
9.753962 -20.05688
11.71119 -19.01601
13.66255 -17.76556
15.64917 -16.36056
17.7069 -14.86433
19.77525 -13.36233
21.84359 -11.86033
23.9349 -10.33097
26.06021 -8.761713
28.2269 -7.13446
30.39663 -5.502799
32.59587 -3.836202
34.79749 -2.166891
36.9991 -0.4975791
39.20071 1.171732
41.40233 2.841044
43.60394 4.510355
45.80556 6.179993
48.01023 7.852561
49.99474 9.357868
50.25288 9.558308
51.54362 10.5605
52.83437 11.56303
54.12884 12.578
55.46083 13.62458
56.87829 14.74645
57.60076 15.32044
57.87947 15.69402
58.18915 16.10911
58.70659 16.73344
59.64534 17.84116
60.50893 18.85774
60.24003 19.0671
59.77719 19.48582
59.235 19.87401
58.00271 20.22003
56.73917 20.56866
55.47563 20.91728
54.21209 21.26591
52.94854 21.61453
51.685 21.96316
50.42146 22.31178
49.15826 22.67552
47.97192 23.1626
46.90076 23.81246
45.83051 24.46277
44.76026 25.11308
43.69001 25.76339
42.61976 26.4137
41.56274 27.10212
40.9557 28.4046
40.52806 29.50908
